    unsorted:	 3.878727531e-07 2.969394453e-07 1.585971341e-06 6.586918673e-06 0.1050337444 0.1049894013 7.286254928 9.758936741 18.20659373 30.05047894 26.99208550 50.25216355 53.26280039 54.10821160 43.55021673 81.18886881 83.20942729 118.7979154 146.3547462 143.1084834 243.7083666 220.7746501 201.6105621 260.4581520 299.7091897 313.3614389 383.8852295 377.1675525 435.7619201 423.6236767 535.2904678 489.9258316 594.4258156 651.0776928 665.4071907 759.3494627 771.7638219 716.8656506 835.1894610 905.7858139 892.1487237 897.8478961 1022.323691 1143.601777 1184.940479 1248.628007 1314.749570 1386.006403 1410.845055 1603.476575 1597.917076 1627.493273 1698.912388 1773.703970 1773.014227 1858.927187 1850.794985 1882.821737 1922.972896 1940.216577 1968.344520 2037.271229 2020.326627 2119.586655 2195.466339 2229.214050 2254.218318 2279.982947 2326.168610 2343.870795 2382.203684 2498.003807 2713.181594 2970.899030 3570.908593 3748.786680 4143.766841 4432.257880 5611.741697 13188.45753 13180.91181 13173.35379 13164.81513 13201.30909 13138.87297 13224.91678 13101.65975 13069.40473 13050.58458 12982.44142 12998.89745 12974.21254 13245.91895 12930.52518 12917.30661 13285.26231 12841.58405 12822.50477 12785.11940 12754.76708 12726.47970 13331.86472 12656.92296 12576.01365 13498.13947 12254.57532 12236.40996 12138.94656 11762.00938 11559.19307 11065.08392 10790.69816 10261.47761 7168.268559 14163.02511 8144.701177 9104.367587 15744.81012 17559.11340 20231.60853 21857.65457 23777.32316 24845.83669 27042.83371 31197.77845 33081.31074 36660.22581 40192.89049 40805.78513 45888.88401 46461.75887 48733.82706 48432.53036 51655.62031 51747.59994 52357.76751 56735.35986 59059.10279 61795.14002 67437.28328 71429.55898 73631.00868 78077.33434 81743.40903 85153.73679 87254.47121 94867.48218 99231.80945 110401.9112 120135.2708 135921.3972 151097.9305 157801.9160 164985.1829 168605.2126 191067.3305 205611.1541 219815.3461 265892.6545 357183.9038 378156.8953 6.299031625e-06
      sorted:	 2.969394453e-07 3.878727531e-07 1.585971341e-06 6.299031625e-06 6.586918673e-06 0.1049894013 0.1050337444 7.286254928 9.758936741 18.20659373 26.99208550 30.05047894 43.55021673 50.25216355 53.26280039 54.10821160 81.18886881 83.20942729 118.7979154 143.1084834 146.3547462 201.6105621 220.7746501 243.7083666 260.4581520 299.7091897 313.3614389 377.1675525 383.8852295 423.6236767 435.7619201 489.9258316 535.2904678 594.4258156 651.0776928 665.4071907 716.8656506 759.3494627 771.7638219 835.1894610 892.1487237 897.8478961 905.7858139 1022.323691 1143.601777 1184.940479 1248.628007 1314.749570 1386.006403 1410.845055 1597.917076 1603.476575 1627.493273 1698.912388 1773.014227 1773.703970 1850.794985 1858.927187 1882.821737 1922.972896 1940.216577 1968.344520 2020.326627 2037.271229 2119.586655 2195.466339 2229.214050 2254.218318 2279.982947 2326.168610 2343.870795 2382.203684 2498.003807 2713.181594 2970.899030 3570.908593 3748.786680 4143.766841 4432.257880 5611.741697 7168.268559 8144.701177 9104.367587 10261.47761 10790.69816 11065.08392 11559.19307 11762.00938 12138.94656 12236.40996 12254.57532 12576.01365 12656.92296 12726.47970 12754.76708 12785.11940 12822.50477 12841.58405 12917.30661 12930.52518 12974.21254 12982.44142 12998.89745 13050.58458 13069.40473 13101.65975 13138.87297 13164.81513 13173.35379 13180.91181 13188.45753 13201.30909 13224.91678 13245.91895 13285.26231 13331.86472 13498.13947 14163.02511 15744.81012 17559.11340 20231.60853 21857.65457 23777.32316 24845.83669 27042.83371 31197.77845 33081.31074 36660.22581 40192.89049 40805.78513 45888.88401 46461.75887 48432.53036 48733.82706 51655.62031 51747.59994 52357.76751 56735.35986 59059.10279 61795.14002 67437.28328 71429.55898 73631.00868 78077.33434 81743.40903 85153.73679 87254.47121 94867.48218 99231.80945 110401.9112 120135.2708 135921.3972 151097.9305 157801.9160 164985.1829 168605.2126 191067.3305 205611.1541 219815.3461 265892.6545 357183.9038 378156.8953
