    unsorted:	 4023.962946 4031.377876 4027.926590 4038.093676 4059.226532 4002.703659 3988.623511 3977.820448 3969.291610 3955.100280 4079.471785 4111.325100 4127.844171 4141.326301 4153.914972 4191.595252 4217.688549 4224.952805 4226.727983 4229.224887 4242.830847 4255.872395 3925.466832 4286.177203 3910.712084 4314.496636 3880.310137 4338.045897 4352.801059 4356.520455 4367.066639 4387.361512 4411.519060 4422.730236 4426.800663 4428.509186 3851.567845 3837.764040 3833.761498 4450.768958 3757.990145 3726.173294 3705.892402 4502.230158 3634.516874 3436.811092 3241.721908 2978.808260 2652.309853 2618.610825 2710.479857 2536.939710 2516.767796 2476.698435 2371.989267 2217.608849 2282.612477 2202.488083 2150.740449 2102.446499 2058.834033 2024.330154 1994.128563 1957.988204 1916.321767 1872.528927 1821.039259 1762.109482 1702.421544 5294.566926 1453.131824 1199.281309 6329.596792 707.8295148 7023.381107 184.6937728 7854.794628 8838.611505 10758.08470 11977.54115 12625.07050 15537.90510 15676.76167 16624.82769 18052.75718 20013.66935 22367.35560 25992.30595 29203.80219 29257.04268 28903.43452 29836.19577 31218.33811 31578.38833 32823.80185 33328.81328 34895.87173 35109.70739 35257.69565 35623.93199 36904.71454 40524.08171 40613.17891 42302.88930 43212.62539 44355.12137 47299.11714 47932.11410 49966.51666 52719.13457 54455.34120 56838.26124 63769.95889 68821.84069 75421.16991 78864.75665 85922.28526 97643.94628 172925.3955 478.8096931 377.5799759 7.209692328e-06
      sorted:	 7.209692328e-06 184.6937728 377.5799759 478.8096931 707.8295148 1199.281309 1453.131824 1702.421544 1762.109482 1821.039259 1872.528927 1916.321767 1957.988204 1994.128563 2024.330154 2058.834033 2102.446499 2150.740449 2202.488083 2217.608849 2282.612477 2371.989267 2476.698435 2516.767796 2536.939710 2618.610825 2652.309853 2710.479857 2978.808260 3241.721908 3436.811092 3634.516874 3705.892402 3726.173294 3757.990145 3833.761498 3837.764040 3851.567845 3880.310137 3910.712084 3925.466832 3955.100280 3969.291610 3977.820448 3988.623511 4002.703659 4023.962946 4027.926590 4031.377876 4038.093676 4059.226532 4079.471785 4111.325100 4127.844171 4141.326301 4153.914972 4191.595252 4217.688549 4224.952805 4226.727983 4229.224887 4242.830847 4255.872395 4286.177203 4314.496636 4338.045897 4352.801059 4356.520455 4367.066639 4387.361512 4411.519060 4422.730236 4426.800663 4428.509186 4450.768958 4502.230158 5294.566926 6329.596792 7023.381107 7854.794628 8838.611505 10758.08470 11977.54115 12625.07050 15537.90510 15676.76167 16624.82769 18052.75718 20013.66935 22367.35560 25992.30595 28903.43452 29203.80219 29257.04268 29836.19577 31218.33811 31578.38833 32823.80185 33328.81328 34895.87173 35109.70739 35257.69565 35623.93199 36904.71454 40524.08171 40613.17891 42302.88930 43212.62539 44355.12137 47299.11714 47932.11410 49966.51666 52719.13457 54455.34120 56838.26124 63769.95889 68821.84069 75421.16991 78864.75665 85922.28526 97643.94628 172925.3955
