    unsorted:	 4024.822490 4025.346230 4031.747193 4035.139011 4054.172570 3998.653152 3977.461629 3974.928441 3982.388562 3954.242064 4072.905139 4111.432967 4127.758529 4139.814222 4153.763476 4191.631785 4216.096330 4222.947732 4220.477910 4228.499867 4241.240067 4253.768559 3924.307004 4286.371432 4314.501177 3906.943108 4338.236353 4352.574535 4356.703802 4367.110826 3880.289260 4389.453608 4411.652281 4423.030597 4426.855712 4430.524972 4451.867762 3847.212243 3836.853215 3832.708119 4496.778388 3759.037936 3721.289763 3701.560474 3625.471336 3436.316134 3230.046843 2966.231411 2629.545022 2689.718678 2593.557744 2513.212480 2498.842498 2451.893920 2350.012171 2204.876888 2263.703588 2188.932259 2140.113474 2091.048081 2046.624281 2014.243924 1986.863202 1952.592551 1912.060873 1869.506800 1819.326834 1761.219551 1702.074830 5258.922889 1450.459493 5888.150825 1193.743694 704.6018932 6653.624963 184.7397257 7471.344279 8448.097368 10044.82030 11301.77306 12337.36626 14766.70837 15911.01446 15665.25805 17436.98652 19258.99535 21700.89779 25293.47457 28366.00492 28412.44609 27906.09035 28984.33113 30303.60069 30636.64342 31857.55021 32160.73561 33734.40095 34025.08585 34418.56905 34915.22832 36348.30982 39562.77364 39328.14151 41117.05136 42279.84047 43697.48940 46202.65181 46969.97451 49259.20083 51295.16305 53440.61983 55438.15846 62233.56033 67512.28209 74973.26216 77360.78405 84810.70036 96874.70833 172938.9029 478.8092975 377.5804977 7.209695196e-06
      sorted:	 7.209695196e-06 184.7397257 377.5804977 478.8092975 704.6018932 1193.743694 1450.459493 1702.074830 1761.219551 1819.326834 1869.506800 1912.060873 1952.592551 1986.863202 2014.243924 2046.624281 2091.048081 2140.113474 2188.932259 2204.876888 2263.703588 2350.012171 2451.893920 2498.842498 2513.212480 2593.557744 2629.545022 2689.718678 2966.231411 3230.046843 3436.316134 3625.471336 3701.560474 3721.289763 3759.037936 3832.708119 3836.853215 3847.212243 3880.289260 3906.943108 3924.307004 3954.242064 3974.928441 3977.461629 3982.388562 3998.653152 4024.822490 4025.346230 4031.747193 4035.139011 4054.172570 4072.905139 4111.432967 4127.758529 4139.814222 4153.763476 4191.631785 4216.096330 4220.477910 4222.947732 4228.499867 4241.240067 4253.768559 4286.371432 4314.501177 4338.236353 4352.574535 4356.703802 4367.110826 4389.453608 4411.652281 4423.030597 4426.855712 4430.524972 4451.867762 4496.778388 5258.922889 5888.150825 6653.624963 7471.344279 8448.097368 10044.82030 11301.77306 12337.36626 14766.70837 15665.25805 15911.01446 17436.98652 19258.99535 21700.89779 25293.47457 27906.09035 28366.00492 28412.44609 28984.33113 30303.60069 30636.64342 31857.55021 32160.73561 33734.40095 34025.08585 34418.56905 34915.22832 36348.30982 39328.14151 39562.77364 41117.05136 42279.84047 43697.48940 46202.65181 46969.97451 49259.20083 51295.16305 53440.61983 55438.15846 62233.56033 67512.28209 74973.26216 77360.78405 84810.70036 96874.70833 172938.9029
