    unsorted:	 1.043993114e-06 3.730094069e-07 6.984232010e-06 2.676457690e-07 43.81465364 43.68359628 0.1050350755 0.1049892631 52.84402882 53.86391237 30.02470635 26.98411838 18.32933564 9.839799193 7.292344519 81.14448830 83.16405850 118.8529316 138.1894611 143.3640791 146.3374022 201.9700635 220.8167331 260.5771010 299.6974490 436.5022532 313.8902742 435.5444047 430.6802746 460.0053986 385.3567626 501.8811171 756.6425063 725.1148669 752.9827806 662.0589779 651.5216439 717.9259373 596.9724705 799.5927551 892.1285664 898.0499748 950.2745436 1022.636410 1143.783523 1184.843733 1390.254098 1374.198465 1315.139705 1633.106455 1603.460630 1597.980322 1707.297659 1783.394494 1772.999482 1869.019489 1882.795891 1850.796514 1920.892930 1929.354222 1955.930225 2039.499008 2020.159690 2116.086062 2157.143702 2209.633419 2236.772075 2277.016598 2322.921425 2344.153244 2356.559516 2403.022815 2672.438980 3580.177004 3734.598518 4106.600086 4403.813103 13174.60394 13144.70899 13139.13457 13184.74839 13196.33145 13206.47601 13227.91459 13108.96945 13239.43190 13072.87494 13056.49932 13002.14667 12980.73575 12957.23121 12927.03716 13262.83428 12874.95514 12832.60735 12805.08850 12783.66691 12759.92673 12744.88128 13332.37812 13362.01947 12642.38430 12523.61414 13528.72411 12272.55858 12220.93346 12172.48688 11802.42255 11425.32923 11072.28672 10760.73126 5459.519069 14320.02395 10152.36589 9139.604247 8429.555869 7711.259914 7072.245091 15715.26602 18786.90235 21808.99012 23527.76677 24784.86154 26757.27578 31144.71633 32862.93315 36691.31369 40037.30019 45927.23448 46260.93279 48711.78751 48419.85459 51581.80499 52021.37319 52297.56282 56890.90968 59140.95762 62532.94649 68078.52515 68627.74492 71796.85323 76796.27717 82702.08250 85480.28818 86677.76857 95392.60223 99432.47518 111200.3945 121530.4678 133757.8854 149631.8680 153720.7130 162285.8506 169320.4226 191060.5346 190652.5515 217954.1100 241472.2208 320296.5859 375284.7212 407364.3502 5.023807585e-06
      sorted:	 2.676457690e-07 3.730094069e-07 1.043993114e-06 5.023807585e-06 6.984232010e-06 0.1049892631 0.1050350755 7.292344519 9.839799193 18.32933564 26.98411838 30.02470635 43.68359628 43.81465364 52.84402882 53.86391237 81.14448830 83.16405850 118.8529316 138.1894611 143.3640791 146.3374022 201.9700635 220.8167331 260.5771010 299.6974490 313.8902742 385.3567626 430.6802746 435.5444047 436.5022532 460.0053986 501.8811171 596.9724705 651.5216439 662.0589779 717.9259373 725.1148669 752.9827806 756.6425063 799.5927551 892.1285664 898.0499748 950.2745436 1022.636410 1143.783523 1184.843733 1315.139705 1374.198465 1390.254098 1597.980322 1603.460630 1633.106455 1707.297659 1772.999482 1783.394494 1850.796514 1869.019489 1882.795891 1920.892930 1929.354222 1955.930225 2020.159690 2039.499008 2116.086062 2157.143702 2209.633419 2236.772075 2277.016598 2322.921425 2344.153244 2356.559516 2403.022815 2672.438980 3580.177004 3734.598518 4106.600086 4403.813103 5459.519069 7072.245091 7711.259914 8429.555869 9139.604247 10152.36589 10760.73126 11072.28672 11425.32923 11802.42255 12172.48688 12220.93346 12272.55858 12523.61414 12642.38430 12744.88128 12759.92673 12783.66691 12805.08850 12832.60735 12874.95514 12927.03716 12957.23121 12980.73575 13002.14667 13056.49932 13072.87494 13108.96945 13139.13457 13144.70899 13174.60394 13184.74839 13196.33145 13206.47601 13227.91459 13239.43190 13262.83428 13332.37812 13362.01947 13528.72411 14320.02395 15715.26602 18786.90235 21808.99012 23527.76677 24784.86154 26757.27578 31144.71633 32862.93315 36691.31369 40037.30019 45927.23448 46260.93279 48419.85459 48711.78751 51581.80499 52021.37319 52297.56282 56890.90968 59140.95762 62532.94649 68078.52515 68627.74492 71796.85323 76796.27717 82702.08250 85480.28818 86677.76857 95392.60223 99432.47518 111200.3945 121530.4678 133757.8854 149631.8680 153720.7130 162285.8506 169320.4226 190652.5515 191060.5346 217954.1100 241472.2208 320296.5859 375284.7212 407364.3502
