    unsorted:	 1.015160855e-06 3.715426563e-07 6.671315251e-06 2.645953279e-07 44.92445788 0.1050350758 0.1049892628 43.68359881 52.84402823 53.86391189 30.02470556 26.98411868 18.32933620 9.839799304 7.292344630 81.14448597 83.16405696 118.8529321 138.1913159 143.3641521 146.3374006 201.9700569 220.8167326 260.5771017 299.6974478 436.2924310 313.8902665 435.5444152 430.6801559 460.0067202 385.3566390 501.8809943 756.5170782 726.6334941 752.9824543 662.0589609 651.5216510 717.9259228 596.9724372 799.5918428 892.1285654 898.0499644 950.2736247 1022.636406 1143.783523 1184.843725 1390.252769 1374.192647 1315.139678 1603.460622 1597.980317 1633.106023 1707.297204 1783.393830 1772.999477 1869.018924 1882.795807 1850.796498 1920.892336 1929.350206 1955.928903 2039.497710 2020.159688 2116.084593 2157.142776 2209.632005 2236.768457 2277.015396 2322.920372 2344.151222 2356.555905 2403.020591 2672.434825 3580.174298 3734.598074 4106.600029 4403.813099 13174.60401 13144.70911 13139.13541 13184.74846 13196.33149 13206.47605 13227.91475 13108.96947 13239.43220 13072.87501 13056.49946 13002.14671 12980.73578 12957.23134 12927.03721 13262.83456 12874.95520 12832.60747 12805.08891 12783.66720 12759.92794 12744.88165 13332.37870 13362.02228 12642.38469 12523.61554 13528.72222 12272.55834 12220.93428 12172.48707 11802.42250 11425.33092 11072.28669 10760.73142 5459.518579 14320.02258 10152.36720 9139.603573 8429.556074 7711.259731 7072.243231 15715.26617 18786.89202 21808.98862 23527.76451 24784.86326 26757.27527 31144.71938 32862.93156 36691.30717 40037.30121 45927.22911 46260.93606 48711.79099 48419.84500 51581.80351 52021.37478 52297.56457 56890.91120 59140.96099 62532.94754 68078.52924 68627.78961 71796.85440 76796.27989 82702.08767 85480.29125 86677.76988 95392.60447 99432.47727 111200.3947 121530.4737 133757.8910 149631.8591 153720.7109 162285.8573 169320.4211 191060.5347 190652.5797 217954.1076 241472.2428 320296.6900 375284.7218 407364.5875 8.759528640e-05
      sorted:	 2.645953279e-07 3.715426563e-07 1.015160855e-06 6.671315251e-06 8.759528640e-05 0.1049892628 0.1050350758 7.292344630 9.839799304 18.32933620 26.98411868 30.02470556 43.68359881 44.92445788 52.84402823 53.86391189 81.14448597 83.16405696 118.8529321 138.1913159 143.3641521 146.3374006 201.9700569 220.8167326 260.5771017 299.6974478 313.8902665 385.3566390 430.6801559 435.5444152 436.2924310 460.0067202 501.8809943 596.9724372 651.5216510 662.0589609 717.9259228 726.6334941 752.9824543 756.5170782 799.5918428 892.1285654 898.0499644 950.2736247 1022.636406 1143.783523 1184.843725 1315.139678 1374.192647 1390.252769 1597.980317 1603.460622 1633.106023 1707.297204 1772.999477 1783.393830 1850.796498 1869.018924 1882.795807 1920.892336 1929.350206 1955.928903 2020.159688 2039.497710 2116.084593 2157.142776 2209.632005 2236.768457 2277.015396 2322.920372 2344.151222 2356.555905 2403.020591 2672.434825 3580.174298 3734.598074 4106.600029 4403.813099 5459.518579 7072.243231 7711.259731 8429.556074 9139.603573 10152.36720 10760.73142 11072.28669 11425.33092 11802.42250 12172.48707 12220.93428 12272.55834 12523.61554 12642.38469 12744.88165 12759.92794 12783.66720 12805.08891 12832.60747 12874.95520 12927.03721 12957.23134 12980.73578 13002.14671 13056.49946 13072.87501 13108.96947 13139.13541 13144.70911 13174.60401 13184.74846 13196.33149 13206.47605 13227.91475 13239.43220 13262.83456 13332.37870 13362.02228 13528.72222 14320.02258 15715.26617 18786.89202 21808.98862 23527.76451 24784.86326 26757.27527 31144.71938 32862.93156 36691.30717 40037.30121 45927.22911 46260.93606 48419.84500 48711.79099 51581.80351 52021.37478 52297.56457 56890.91120 59140.96099 62532.94754 68078.52924 68627.78961 71796.85440 76796.27989 82702.08767 85480.29125 86677.76988 95392.60447 99432.47727 111200.3947 121530.4737 133757.8910 149631.8591 153720.7109 162285.8573 169320.4211 190652.5797 191060.5347 217954.1076 241472.2428 320296.6900 375284.7218 407364.5875
