    unsorted:	 3.683619171e-07 2.700474360e-07 1.693480060e-06 6.582993592e-06 0.1050148610 0.1048674108 17.15444390 7.510497468 6.762680852 9.623935827 15.15761207 23.70104902 31.41388198 39.14125006 58.14514184 64.09628500 68.79376966 81.61822667 107.9037357 117.9132822 141.8402018 198.3955338 186.5381621 175.8814879 241.9706136 272.5785200 281.9740599 298.7514017 313.6684337 359.4712564 393.4200679 436.1019208 511.6050474 520.5542859 631.0552856 850.0018639 661.4311458 702.0746097 761.4914556 818.0361857 806.1838654 944.8398350 945.7864298 1030.709187 1072.710584 1247.642787 1236.682950 1253.868589 1176.869105 1301.610040 1309.792630 1550.300773 1797.069459 1795.916624 1774.407812 1747.290027 1848.551151 1875.776770 1890.244078 1962.969291 2012.047560 2052.535015 2131.178860 2136.812315 2217.556456 2289.592381 2306.634478 2342.255756 2369.042791 2387.893198 2399.046558 2452.580007 2642.297761 2765.397482 3245.659553 3515.144256 3820.432823 4210.921573 5226.647929 5654.754791 6065.404990 6899.590126 7428.281811 8222.103044 12988.85764 12982.49766 12997.83776 12862.08231 12875.49768 13073.24150 13142.31340 13216.19585 13206.93229 13246.55887 13280.81960 12732.85135 12666.73256 13364.41976 12516.10955 12463.14837 12380.91312 13480.95225 13520.49683 12247.41526 12176.83514 13636.99564 11865.59144 11343.85243 11115.39842 11143.18582 13855.50225 13924.86777 10453.93670 9974.837298 8792.111352 14199.73944 14775.90932 18147.03184 19134.58533 21243.76425 23090.75887 25381.98859 26070.95364 28846.52520 32127.29111 33374.64043 35799.31711 38291.28456 40500.75678 46927.38344 47410.17511 48639.65337 49257.92128 51678.00430 52616.69908 53623.12179 54184.45334 57385.08486 60076.51214 64214.40522 68811.23652 72783.25082 79019.82690 86834.28957 88374.12019 92305.48903 99238.19793 107435.1746 117347.0884 126198.5270 147515.3074 170900.2666 182575.3690 191037.6038 191119.5523 214402.4004 235774.2854 272503.9788 312858.1798 403579.7467 445260.3131 6.520040682e-06
      sorted:	 2.700474360e-07 3.683619171e-07 1.693480060e-06 6.520040682e-06 6.582993592e-06 0.1048674108 0.1050148610 6.762680852 7.510497468 9.623935827 15.15761207 17.15444390 23.70104902 31.41388198 39.14125006 58.14514184 64.09628500 68.79376966 81.61822667 107.9037357 117.9132822 141.8402018 175.8814879 186.5381621 198.3955338 241.9706136 272.5785200 281.9740599 298.7514017 313.6684337 359.4712564 393.4200679 436.1019208 511.6050474 520.5542859 631.0552856 661.4311458 702.0746097 761.4914556 806.1838654 818.0361857 850.0018639 944.8398350 945.7864298 1030.709187 1072.710584 1176.869105 1236.682950 1247.642787 1253.868589 1301.610040 1309.792630 1550.300773 1747.290027 1774.407812 1795.916624 1797.069459 1848.551151 1875.776770 1890.244078 1962.969291 2012.047560 2052.535015 2131.178860 2136.812315 2217.556456 2289.592381 2306.634478 2342.255756 2369.042791 2387.893198 2399.046558 2452.580007 2642.297761 2765.397482 3245.659553 3515.144256 3820.432823 4210.921573 5226.647929 5654.754791 6065.404990 6899.590126 7428.281811 8222.103044 8792.111352 9974.837298 10453.93670 11115.39842 11143.18582 11343.85243 11865.59144 12176.83514 12247.41526 12380.91312 12463.14837 12516.10955 12666.73256 12732.85135 12862.08231 12875.49768 12982.49766 12988.85764 12997.83776 13073.24150 13142.31340 13206.93229 13216.19585 13246.55887 13280.81960 13364.41976 13480.95225 13520.49683 13636.99564 13855.50225 13924.86777 14199.73944 14775.90932 18147.03184 19134.58533 21243.76425 23090.75887 25381.98859 26070.95364 28846.52520 32127.29111 33374.64043 35799.31711 38291.28456 40500.75678 46927.38344 47410.17511 48639.65337 49257.92128 51678.00430 52616.69908 53623.12179 54184.45334 57385.08486 60076.51214 64214.40522 68811.23652 72783.25082 79019.82690 86834.28957 88374.12019 92305.48903 99238.19793 107435.1746 117347.0884 126198.5270 147515.3074 170900.2666 182575.3690 191037.6038 191119.5523 214402.4004 235774.2854 272503.9788 312858.1798 403579.7467 445260.3131
