    unsorted:	 3.653348662e-07 2.805110078e-07 1.844072769e-06 4.629452047e-05 0.04261661008 0.03029368216 0.1049483282 0.1002103261 -0.05556979964 0.6821387631 0.7228946060 0.9223425911 1.699702595 3.643804480 4.120052112 4.100876525 7.477968989 7.824949635 10.03104428 10.93595776 14.90255536 16.28105685 21.18988570 24.12099118 32.29048268 34.72594157 31.14625167 36.53222176 41.89986275 62.93541191 63.49375648 80.53983928 98.77197752 111.2428140 117.7611110 142.1358481 161.7144138 174.5173356 193.9360482 223.1913682 248.3270531 262.3739320 291.8102007 299.9074097 341.2587186 378.6798477 425.0586451 487.0569530 641.1047992 650.7787430 665.9828168 731.5789267 797.3953704 832.8931001 925.4692232 1003.339420 987.7478387 1032.241061 1087.668443 1212.589163 1229.349713 1167.541245 1290.608668 1296.094586 1281.660871 1364.757414 1425.185839 1449.090583 1496.921250 1553.585440 1577.321786 1589.764736 1631.046075 1672.290565 1670.889915 1709.615846 1705.731569 1730.758960 1762.052236 1827.772977 1839.611674 1848.722881 1869.283639 1882.131781 1895.324740 1907.782736 1906.809131 1969.746525 1974.521620 2024.764118 2161.447813 2225.091414 2320.818152 2324.879618 2505.600312 2544.332066 2651.028195 2683.141969 2902.329689 2901.394120 3155.379030 3257.570798 3420.251838 3743.142932 3804.834406 3916.451278 4117.593075 4181.126384 4363.637144 4650.865962 5150.172823 5566.618640 6128.998781 6510.331870 6953.937398 6992.386552 12821.75146 12830.69749 12885.81020 12917.44018 13016.07442 13054.35993 12685.56310 12628.78521 12593.47162 12547.17108 13140.13394 13202.05675 13284.67469 13352.16093 13376.76375 13461.55337 13509.54774 13719.85871 13847.00779 11284.12058 11054.45865 10286.01635 14122.86155 14421.01876 15328.48002 16336.05186 17400.23560 21829.71019 24225.48958 28609.99184 30817.16208 39342.26863 52184.68927 72493.73834 88147.73533 104317.3429 145892.5532 168672.5680 191091.0489 265523.0387 352141.4172 458612.4223 -1349509.472 1828115.684 7562263.894 6.646363934e-06
      sorted:	 -1349509.472 -0.05556979964 2.805110078e-07 3.653348662e-07 1.844072769e-06 6.646363934e-06 4.629452047e-05 0.03029368216 0.04261661008 0.1002103261 0.1049483282 0.6821387631 0.7228946060 0.9223425911 1.699702595 3.643804480 4.100876525 4.120052112 7.477968989 7.824949635 10.03104428 10.93595776 14.90255536 16.28105685 21.18988570 24.12099118 31.14625167 32.29048268 34.72594157 36.53222176 41.89986275 62.93541191 63.49375648 80.53983928 98.77197752 111.2428140 117.7611110 142.1358481 161.7144138 174.5173356 193.9360482 223.1913682 248.3270531 262.3739320 291.8102007 299.9074097 341.2587186 378.6798477 425.0586451 487.0569530 641.1047992 650.7787430 665.9828168 731.5789267 797.3953704 832.8931001 925.4692232 987.7478387 1003.339420 1032.241061 1087.668443 1167.541245 1212.589163 1229.349713 1281.660871 1290.608668 1296.094586 1364.757414 1425.185839 1449.090583 1496.921250 1553.585440 1577.321786 1589.764736 1631.046075 1670.889915 1672.290565 1705.731569 1709.615846 1730.758960 1762.052236 1827.772977 1839.611674 1848.722881 1869.283639 1882.131781 1895.324740 1906.809131 1907.782736 1969.746525 1974.521620 2024.764118 2161.447813 2225.091414 2320.818152 2324.879618 2505.600312 2544.332066 2651.028195 2683.141969 2901.394120 2902.329689 3155.379030 3257.570798 3420.251838 3743.142932 3804.834406 3916.451278 4117.593075 4181.126384 4363.637144 4650.865962 5150.172823 5566.618640 6128.998781 6510.331870 6953.937398 6992.386552 10286.01635 11054.45865 11284.12058 12547.17108 12593.47162 12628.78521 12685.56310 12821.75146 12830.69749 12885.81020 12917.44018 13016.07442 13054.35993 13140.13394 13202.05675 13284.67469 13352.16093 13376.76375 13461.55337 13509.54774 13719.85871 13847.00779 14122.86155 14421.01876 15328.48002 16336.05186 17400.23560 21829.71019 24225.48958 28609.99184 30817.16208 39342.26863 52184.68927 72493.73834 88147.73533 104317.3429 145892.5532 168672.5680 191091.0489 265523.0387 352141.4172 458612.4223 1828115.684 7562263.894
