    unsorted:	 3.662999765e-07 2.681991492e-07 1.655843109e-06 6.596048059e-06 0.1050117218 0.1043467483 18.85795373 18.37459492 10.67673574 8.446072203 7.755555510 2.899661526 25.18422236 30.95330604 35.09713960 43.55814863 56.57167677 63.66718417 76.59649820 78.52694827 94.57169249 127.6029458 130.7738903 175.2248826 161.0660917 186.1671710 191.2272087 204.6068523 223.6778717 227.0261634 262.3849102 272.3122065 295.4298120 315.7705582 326.4550042 436.9291623 428.6214023 621.6521514 619.4673449 540.0896005 664.7781453 735.2766400 752.8698679 814.4116831 804.1488148 912.6213072 945.4666513 1077.546188 1187.598727 1184.472037 1215.622648 1248.970165 1258.263514 1406.788420 1553.060135 1716.628437 1760.435180 1828.450587 1843.000167 1899.653984 1927.591834 2012.836659 2093.198372 2141.930898 2157.175949 2202.698257 2265.932030 2300.755711 2324.715609 2369.138647 2362.377264 2444.448424 2579.298371 2698.528658 3004.094102 3185.313051 3486.622207 3989.672494 4888.811815 5317.029580 5808.855590 6330.193703 7565.759551 8165.762044 13143.59045 13085.28245 13041.16258 13021.05937 13180.81791 13225.43262 13232.75034 12947.70904 13272.25535 12882.90568 12834.64968 12701.11243 12657.77670 13393.23269 12530.46924 12451.62264 12367.69613 12199.40884 12181.84088 13480.41346 13554.27849 11880.76065 13686.89481 11377.99750 11159.41007 11094.44847 13867.58704 13945.89569 10627.54000 10031.18315 8942.273613 14286.84682 14561.59818 16024.35618 18558.03443 20618.45761 22211.85370 24523.17523 25028.19241 27235.34737 30201.49758 31559.90314 33329.33664 36734.51035 39612.96722 43025.94822 43415.77152 44494.23116 45436.89331 46061.61304 46681.15729 48574.62710 50589.78100 52074.59246 55246.98108 61218.71646 63394.48871 66966.27418 72053.14381 76992.50145 81800.04237 87500.59998 92902.88995 98652.17079 110795.7397 116608.5057 139420.3179 160831.7371 166443.0538 176809.2147 191052.1749 200845.2465 228810.4243 263950.0615 307398.9969 401277.5193 450787.5515 5.919477089e-06
      sorted:	 2.681991492e-07 3.662999765e-07 1.655843109e-06 5.919477089e-06 6.596048059e-06 0.1043467483 0.1050117218 2.899661526 7.755555510 8.446072203 10.67673574 18.37459492 18.85795373 25.18422236 30.95330604 35.09713960 43.55814863 56.57167677 63.66718417 76.59649820 78.52694827 94.57169249 127.6029458 130.7738903 161.0660917 175.2248826 186.1671710 191.2272087 204.6068523 223.6778717 227.0261634 262.3849102 272.3122065 295.4298120 315.7705582 326.4550042 428.6214023 436.9291623 540.0896005 619.4673449 621.6521514 664.7781453 735.2766400 752.8698679 804.1488148 814.4116831 912.6213072 945.4666513 1077.546188 1184.472037 1187.598727 1215.622648 1248.970165 1258.263514 1406.788420 1553.060135 1716.628437 1760.435180 1828.450587 1843.000167 1899.653984 1927.591834 2012.836659 2093.198372 2141.930898 2157.175949 2202.698257 2265.932030 2300.755711 2324.715609 2362.377264 2369.138647 2444.448424 2579.298371 2698.528658 3004.094102 3185.313051 3486.622207 3989.672494 4888.811815 5317.029580 5808.855590 6330.193703 7565.759551 8165.762044 8942.273613 10031.18315 10627.54000 11094.44847 11159.41007 11377.99750 11880.76065 12181.84088 12199.40884 12367.69613 12451.62264 12530.46924 12657.77670 12701.11243 12834.64968 12882.90568 12947.70904 13021.05937 13041.16258 13085.28245 13143.59045 13180.81791 13225.43262 13232.75034 13272.25535 13393.23269 13480.41346 13554.27849 13686.89481 13867.58704 13945.89569 14286.84682 14561.59818 16024.35618 18558.03443 20618.45761 22211.85370 24523.17523 25028.19241 27235.34737 30201.49758 31559.90314 33329.33664 36734.51035 39612.96722 43025.94822 43415.77152 44494.23116 45436.89331 46061.61304 46681.15729 48574.62710 50589.78100 52074.59246 55246.98108 61218.71646 63394.48871 66966.27418 72053.14381 76992.50145 81800.04237 87500.59998 92902.88995 98652.17079 110795.7397 116608.5057 139420.3179 160831.7371 166443.0538 176809.2147 191052.1749 200845.2465 228810.4243 263950.0615 307398.9969 401277.5193 450787.5515
