    unsorted:	 2.668584915e-07 3.660616648e-07 1.740812990e-06 6.582197613e-06 0.1050184856 0.1048721751 17.53355095 18.04573843 7.239707604 9.579734486 12.03044089 30.60825444 32.74368889 50.00275438 59.10099094 63.90217189 80.19762944 88.90834942 107.4324738 177.6478851 141.3342155 137.6481864 175.6796839 218.3553878 241.7984986 295.9375025 304.4634332 314.8338439 327.2293343 353.7269591 385.3079823 453.9321022 463.4764736 511.4670576 607.2390829 583.6239438 809.0757109 704.8404559 709.5504814 760.9571950 823.3402934 907.8854950 859.2947402 1012.548943 1030.531457 1146.853119 1237.143135 1239.476043 1257.033989 1305.937007 1309.491004 1549.004204 1567.302391 1786.872150 1818.448833 1747.308786 1836.464108 1868.847171 1875.725513 1954.305414 1972.627328 2042.199382 2136.882219 2126.645609 2206.112753 2267.167722 2304.247682 2309.060923 2355.331857 2384.171765 2393.824201 2448.159339 2640.672107 2728.183723 3093.906387 3280.730233 3450.131869 4081.276137 5103.521467 5605.487603 5896.740816 6744.471101 7461.232274 12975.49306 12978.32270 12967.35875 12898.39205 12864.21470 13060.21819 13131.45736 13194.90305 13234.61684 13241.38204 13295.04860 12747.13274 12636.86826 12641.61896 13350.26401 12451.56010 12394.84342 13480.02150 13500.76291 12230.32011 12161.53660 13653.14610 11897.47239 13829.81312 11123.12281 11090.21666 11277.38274 13904.59649 10560.70741 9933.532833 8252.542484 8898.343993 14162.56254 14698.08793 16890.95122 18615.21579 20815.10160 22291.22171 24710.61938 25156.94661 27450.14283 31524.77522 33096.50080 36175.57231 37137.72924 39825.65096 45122.27508 46131.06938 46716.32014 48051.87252 49384.66760 51087.77880 52540.09493 55215.50693 55987.02414 58699.71298 62007.23295 67108.06177 71330.99391 77442.71148 85492.83778 87529.46827 90467.91462 96694.85717 106572.4513 114280.3311 122876.8171 144705.0181 166646.6989 177007.2926 186212.5685 191041.0257 207428.7985 231880.7362 266270.7211 310579.8161 402169.2206 449398.8730 6.655350339e-06
      sorted:	 2.668584915e-07 3.660616648e-07 1.740812990e-06 6.582197613e-06 6.655350339e-06 0.1048721751 0.1050184856 7.239707604 9.579734486 12.03044089 17.53355095 18.04573843 30.60825444 32.74368889 50.00275438 59.10099094 63.90217189 80.19762944 88.90834942 107.4324738 137.6481864 141.3342155 175.6796839 177.6478851 218.3553878 241.7984986 295.9375025 304.4634332 314.8338439 327.2293343 353.7269591 385.3079823 453.9321022 463.4764736 511.4670576 583.6239438 607.2390829 704.8404559 709.5504814 760.9571950 809.0757109 823.3402934 859.2947402 907.8854950 1012.548943 1030.531457 1146.853119 1237.143135 1239.476043 1257.033989 1305.937007 1309.491004 1549.004204 1567.302391 1747.308786 1786.872150 1818.448833 1836.464108 1868.847171 1875.725513 1954.305414 1972.627328 2042.199382 2126.645609 2136.882219 2206.112753 2267.167722 2304.247682 2309.060923 2355.331857 2384.171765 2393.824201 2448.159339 2640.672107 2728.183723 3093.906387 3280.730233 3450.131869 4081.276137 5103.521467 5605.487603 5896.740816 6744.471101 7461.232274 8252.542484 8898.343993 9933.532833 10560.70741 11090.21666 11123.12281 11277.38274 11897.47239 12161.53660 12230.32011 12394.84342 12451.56010 12636.86826 12641.61896 12747.13274 12864.21470 12898.39205 12967.35875 12975.49306 12978.32270 13060.21819 13131.45736 13194.90305 13234.61684 13241.38204 13295.04860 13350.26401 13480.02150 13500.76291 13653.14610 13829.81312 13904.59649 14162.56254 14698.08793 16890.95122 18615.21579 20815.10160 22291.22171 24710.61938 25156.94661 27450.14283 31524.77522 33096.50080 36175.57231 37137.72924 39825.65096 45122.27508 46131.06938 46716.32014 48051.87252 49384.66760 51087.77880 52540.09493 55215.50693 55987.02414 58699.71298 62007.23295 67108.06177 71330.99391 77442.71148 85492.83778 87529.46827 90467.91462 96694.85717 106572.4513 114280.3311 122876.8171 144705.0181 166646.6989 177007.2926 186212.5685 191041.0257 207428.7985 231880.7362 266270.7211 310579.8161 402169.2206 449398.8730
