    unsorted:	 2.672618663e-07 3.662852695e-07 1.738483650e-06 6.581656191e-06 0.1050148609 0.1048674107 17.11349625 7.510497327 6.762683679 9.623932101 15.15761318 23.70104866 31.41387923 39.14124937 58.14513423 64.09628639 68.79376823 81.61822272 107.9037213 117.9132822 141.8401958 198.4502306 186.5381581 175.8814635 241.9705854 272.5784070 281.9739402 298.7513845 313.6684235 359.4712149 393.4200585 436.1023419 511.6050485 520.5542817 627.0443122 849.6162149 661.4311443 702.0745246 761.4914563 818.0353030 806.1837946 944.5563236 945.7864190 1030.709158 1072.710580 1247.642793 1236.671361 1253.860491 1176.869085 1301.609979 1309.792020 1550.300754 1797.064149 1795.912870 1774.407294 1747.290018 1848.550455 1875.776756 1890.243157 1962.968874 2012.047433 2052.533167 2131.174448 2136.807890 2217.553314 2289.590833 2306.632673 2342.256652 2369.043891 2387.891963 2399.045498 2452.578220 2642.293086 2765.397165 3245.657326 3515.141944 3820.432652 4210.921207 5226.647270 5654.754334 6065.404753 6899.590363 7428.283362 8222.103300 12988.85754 12982.49761 12997.83779 13073.24142 12862.08233 12875.49810 13142.31336 13216.19604 13206.93228 13246.55878 13280.81948 12732.85135 12666.73280 13364.41979 12516.10961 12463.14892 12380.91310 13480.95238 13520.49726 12247.41566 12176.83511 13636.99592 11865.59141 11343.85291 11115.39849 11143.18595 13855.50233 13924.86775 10453.93886 9974.837078 8792.112682 14199.73968 14775.90640 18147.03165 19134.58540 21243.76873 23090.76350 25381.99079 26070.93677 28846.52725 32127.29508 33374.64584 35799.31258 38291.28570 40500.75682 46927.38160 47410.17256 48639.64960 49257.91863 51678.00033 52616.69935 53623.11376 54184.44097 57385.08609 60076.51495 64214.39667 68811.23779 72783.25855 79019.82397 86834.28567 88374.11318 92305.48712 99238.20310 107435.1635 117347.0921 126198.5250 147515.2968 170900.2523 182575.3234 191037.6041 191119.5569 214402.3832 235774.2620 272503.9802 312858.1439 403579.7202 445260.2486 6.711846519e-06
      sorted:	 2.672618663e-07 3.662852695e-07 1.738483650e-06 6.581656191e-06 6.711846519e-06 0.1048674107 0.1050148609 6.762683679 7.510497327 9.623932101 15.15761318 17.11349625 23.70104866 31.41387923 39.14124937 58.14513423 64.09628639 68.79376823 81.61822272 107.9037213 117.9132822 141.8401958 175.8814635 186.5381581 198.4502306 241.9705854 272.5784070 281.9739402 298.7513845 313.6684235 359.4712149 393.4200585 436.1023419 511.6050485 520.5542817 627.0443122 661.4311443 702.0745246 761.4914563 806.1837946 818.0353030 849.6162149 944.5563236 945.7864190 1030.709158 1072.710580 1176.869085 1236.671361 1247.642793 1253.860491 1301.609979 1309.792020 1550.300754 1747.290018 1774.407294 1795.912870 1797.064149 1848.550455 1875.776756 1890.243157 1962.968874 2012.047433 2052.533167 2131.174448 2136.807890 2217.553314 2289.590833 2306.632673 2342.256652 2369.043891 2387.891963 2399.045498 2452.578220 2642.293086 2765.397165 3245.657326 3515.141944 3820.432652 4210.921207 5226.647270 5654.754334 6065.404753 6899.590363 7428.283362 8222.103300 8792.112682 9974.837078 10453.93886 11115.39849 11143.18595 11343.85291 11865.59141 12176.83511 12247.41566 12380.91310 12463.14892 12516.10961 12666.73280 12732.85135 12862.08233 12875.49810 12982.49761 12988.85754 12997.83779 13073.24142 13142.31336 13206.93228 13216.19604 13246.55878 13280.81948 13364.41979 13480.95238 13520.49726 13636.99592 13855.50233 13924.86775 14199.73968 14775.90640 18147.03165 19134.58540 21243.76873 23090.76350 25381.99079 26070.93677 28846.52725 32127.29508 33374.64584 35799.31258 38291.28570 40500.75682 46927.38160 47410.17256 48639.64960 49257.91863 51678.00033 52616.69935 53623.11376 54184.44097 57385.08609 60076.51495 64214.39667 68811.23779 72783.25855 79019.82397 86834.28567 88374.11318 92305.48712 99238.20310 107435.1635 117347.0921 126198.5250 147515.2968 170900.2523 182575.3234 191037.6041 191119.5569 214402.3832 235774.2620 272503.9802 312858.1439 403579.7202 445260.2486
