    unsorted:	 2.523412857e-07 3.639757758e-07 1.532804044e-06 6.612940575e-06 0.1050167173 0.1048766422 14.01526716 7.515219513 6.790142415 9.652688539 15.22550732 23.66178696 31.48409489 39.14889460 58.22872258 63.64342458 68.77208223 81.68658069 107.6481779 117.9182726 141.4514207 186.5312178 175.7132766 210.3729277 241.9224511 274.8509934 286.7561984 298.9835611 313.8217486 366.9624800 394.7401620 509.8764181 512.3269295 520.7649425 629.7882850 859.6155768 661.6168016 825.4569591 758.1840443 806.4980190 955.2915881 923.2657380 946.0737671 1031.643945 1072.893123 1177.069596 1268.586049 1246.775518 1301.969722 1306.130677 1549.921609 1763.755142 1746.911827 1801.154141 1844.997127 1865.782007 1876.581209 1927.612759 2010.505706 2108.133324 2067.208985 2122.921384 2184.646693 2257.705910 2290.411589 2321.189342 2370.798276 2360.785076 2420.001487 2487.682850 2617.732472 3225.358629 3353.758556 3582.805632 3716.265911 3970.192399 4305.082115 4953.205360 5744.333958 5955.986028 6582.421275 7592.059703 12889.37727 12962.70718 12968.64597 12837.70065 13032.09646 13113.49771 13132.26472 13180.33302 13207.09175 13260.19273 12633.16715 12594.78389 12577.27825 13321.64803 13333.56321 12401.48264 12356.68062 12320.23788 12107.81052 13530.70622 13606.33839 11948.08759 11815.34042 13708.45811 11300.40281 11105.45939 10854.05942 10582.58948 13929.29885 9820.454332 8528.867542 8974.329420 14182.12050 14256.60486 14849.21444 19463.59911 20300.38850 22601.03423 23189.65282 25631.25275 26228.69749 29157.19679 32190.96518 33058.20574 36211.30515 38872.53928 40428.39184 47004.85158 48106.98682 49189.40325 49765.66824 52021.14612 52794.34204 54070.50212 53699.33988 57358.86999 60136.08363 64733.16615 69008.50826 72778.45796 79081.97548 86933.06555 89758.80256 92752.38774 99580.39571 113918.9388 118742.2680 127686.6514 153827.5756 177928.2560 191051.3464 189891.5151 201772.4658 231338.5609 256112.3398 312007.3171 360393.1817 469889.4438 532142.1357 5.251178784e-06
      sorted:	 2.523412857e-07 3.639757758e-07 1.532804044e-06 5.251178784e-06 6.612940575e-06 0.1048766422 0.1050167173 6.790142415 7.515219513 9.652688539 14.01526716 15.22550732 23.66178696 31.48409489 39.14889460 58.22872258 63.64342458 68.77208223 81.68658069 107.6481779 117.9182726 141.4514207 175.7132766 186.5312178 210.3729277 241.9224511 274.8509934 286.7561984 298.9835611 313.8217486 366.9624800 394.7401620 509.8764181 512.3269295 520.7649425 629.7882850 661.6168016 758.1840443 806.4980190 825.4569591 859.6155768 923.2657380 946.0737671 955.2915881 1031.643945 1072.893123 1177.069596 1246.775518 1268.586049 1301.969722 1306.130677 1549.921609 1746.911827 1763.755142 1801.154141 1844.997127 1865.782007 1876.581209 1927.612759 2010.505706 2067.208985 2108.133324 2122.921384 2184.646693 2257.705910 2290.411589 2321.189342 2360.785076 2370.798276 2420.001487 2487.682850 2617.732472 3225.358629 3353.758556 3582.805632 3716.265911 3970.192399 4305.082115 4953.205360 5744.333958 5955.986028 6582.421275 7592.059703 8528.867542 8974.329420 9820.454332 10582.58948 10854.05942 11105.45939 11300.40281 11815.34042 11948.08759 12107.81052 12320.23788 12356.68062 12401.48264 12577.27825 12594.78389 12633.16715 12837.70065 12889.37727 12962.70718 12968.64597 13032.09646 13113.49771 13132.26472 13180.33302 13207.09175 13260.19273 13321.64803 13333.56321 13530.70622 13606.33839 13708.45811 13929.29885 14182.12050 14256.60486 14849.21444 19463.59911 20300.38850 22601.03423 23189.65282 25631.25275 26228.69749 29157.19679 32190.96518 33058.20574 36211.30515 38872.53928 40428.39184 47004.85158 48106.98682 49189.40325 49765.66824 52021.14612 52794.34204 53699.33988 54070.50212 57358.86999 60136.08363 64733.16615 69008.50826 72778.45796 79081.97548 86933.06555 89758.80256 92752.38774 99580.39571 113918.9388 118742.2680 127686.6514 153827.5756 177928.2560 189891.5151 191051.3464 201772.4658 231338.5609 256112.3398 312007.3171 360393.1817 469889.4438 532142.1357
