    unsorted:	 3.796410502e-07 2.861587272e-07 1.650412290e-06 1.817743674e-05 0.1050246011 0.1048368352 0.3755973920 4.733342645 15.39497997 14.48580505 9.750187519 10.66234733 7.332198593 3.188619122 20.24899168 29.29495320 24.74357302 27.51053857 30.85219338 50.29979245 43.41501763 49.19309655 53.10752646 76.80376069 74.01949569 82.12593548 87.68124792 123.5781386 136.1915117 143.7316419 142.5286107 158.8548991 208.5340658 198.0236700 218.2120727 222.7031688 245.3243725 287.8241403 305.0522295 299.4410370 323.6891257 380.4554110 439.9796782 564.1741573 585.7993595 632.0041521 728.0421504 711.4421716 890.0278368 895.4004298 915.0626023 1045.463933 1019.597829 1179.847738 1238.663495 1284.575655 1319.157356 1309.691574 1410.591705 1469.041173 1483.178592 1508.715668 1540.023692 1572.070299 1602.792664 1599.713909 1612.235015 1665.647687 1674.138237 1725.722383 1772.703792 1793.517444 1818.950278 1834.787228 1842.027035 1849.796027 1853.967856 1875.193759 1883.740819 1959.350928 2009.837755 2020.103142 2080.998265 2209.191235 2333.952099 2374.213016 2475.025146 2638.320540 2766.404282 3091.490869 3234.718455 3248.616775 3512.321514 3686.445520 4458.154107 4498.566808 4692.960462 4835.190033 5523.319357 6089.357805 7053.448047 8099.229024 9072.346983 13014.43570 13019.78414 13070.98574 13079.83374 12974.12504 12919.88431 12893.70422 12869.24132 13124.35418 12818.38455 13203.96501 13334.56991 13319.97089 13355.88198 13381.52931 13426.51546 12590.38683 13520.76616 13568.63037 12348.04167 12024.22623 11742.36642 11383.01544 11097.04651 13807.99151 10536.08702 9904.833303 14186.80484 14680.99196 16575.92561 17337.98369 19212.70033 20427.97834 22420.48658 25851.00627 26394.69982 27080.24784 28893.29949 31104.93336 31002.89956 32146.85656 32651.89659 34330.76336 34827.51208 37743.14998 39536.70717 43143.66240 47683.24886 52854.37761 67405.00801 83288.08462 99447.96416 133424.8818 155998.5309 191153.8729 212952.0524 322707.7797 381226.2321 6.650013757e-06
      sorted:	 2.861587272e-07 3.796410502e-07 1.650412290e-06 6.650013757e-06 1.817743674e-05 0.1048368352 0.1050246011 0.3755973920 3.188619122 4.733342645 7.332198593 9.750187519 10.66234733 14.48580505 15.39497997 20.24899168 24.74357302 27.51053857 29.29495320 30.85219338 43.41501763 49.19309655 50.29979245 53.10752646 74.01949569 76.80376069 82.12593548 87.68124792 123.5781386 136.1915117 142.5286107 143.7316419 158.8548991 198.0236700 208.5340658 218.2120727 222.7031688 245.3243725 287.8241403 299.4410370 305.0522295 323.6891257 380.4554110 439.9796782 564.1741573 585.7993595 632.0041521 711.4421716 728.0421504 890.0278368 895.4004298 915.0626023 1019.597829 1045.463933 1179.847738 1238.663495 1284.575655 1309.691574 1319.157356 1410.591705 1469.041173 1483.178592 1508.715668 1540.023692 1572.070299 1599.713909 1602.792664 1612.235015 1665.647687 1674.138237 1725.722383 1772.703792 1793.517444 1818.950278 1834.787228 1842.027035 1849.796027 1853.967856 1875.193759 1883.740819 1959.350928 2009.837755 2020.103142 2080.998265 2209.191235 2333.952099 2374.213016 2475.025146 2638.320540 2766.404282 3091.490869 3234.718455 3248.616775 3512.321514 3686.445520 4458.154107 4498.566808 4692.960462 4835.190033 5523.319357 6089.357805 7053.448047 8099.229024 9072.346983 9904.833303 10536.08702 11097.04651 11383.01544 11742.36642 12024.22623 12348.04167 12590.38683 12818.38455 12869.24132 12893.70422 12919.88431 12974.12504 13014.43570 13019.78414 13070.98574 13079.83374 13124.35418 13203.96501 13319.97089 13334.56991 13355.88198 13381.52931 13426.51546 13520.76616 13568.63037 13807.99151 14186.80484 14680.99196 16575.92561 17337.98369 19212.70033 20427.97834 22420.48658 25851.00627 26394.69982 27080.24784 28893.29949 31002.89956 31104.93336 32146.85656 32651.89659 34330.76336 34827.51208 37743.14998 39536.70717 43143.66240 47683.24886 52854.37761 67405.00801 83288.08462 99447.96416 133424.8818 155998.5309 191153.8729 212952.0524 322707.7797 381226.2321
