    unsorted:	 2.671521430e-07 3.662102173e-07 1.733767005e-06 6.581922527e-06 0.1050148610 0.1048674109 16.98747531 7.510501473 6.762684224 9.623935407 15.15761352 23.70104796 31.41388139 39.14125020 58.14513485 64.09628742 68.79376705 81.61822343 107.9037252 117.9132814 141.8401967 198.8494797 186.5381567 175.8814667 241.9705885 272.5784151 281.9739503 298.7513870 313.6684251 359.4712599 393.4200638 436.1023343 511.6050476 520.5542828 626.8444616 849.5125919 661.4311439 702.0744717 761.4914530 818.0353012 806.1837977 943.4601604 945.7864212 1030.709161 1072.710580 1247.642780 1236.673293 1253.861790 1176.869088 1301.609989 1309.792127 1550.300759 1797.065709 1795.914019 1774.408618 1747.290021 1848.551704 1875.776776 1890.244594 1962.969393 2012.047702 2052.535289 2131.177987 2136.810071 2217.553921 2289.592037 2306.631996 2342.256320 2369.043805 2387.890629 2399.046821 2452.579549 2642.299012 2765.396993 3245.656316 3515.141247 3820.433061 4210.921035 5226.647045 5654.754385 6065.404659 6899.590792 7428.283215 8222.103230 12988.85744 12982.49751 12997.83771 13073.24136 12862.08217 12875.49778 13142.31305 13216.19588 13206.93216 13246.55865 13280.81933 12732.85123 12666.73270 13364.41969 12516.10957 12463.14865 12380.91295 13480.95296 13520.49708 12247.41524 12176.83490 13636.99571 11865.59113 11343.85185 11115.39838 11143.18551 13855.50230 13924.86755 10453.93565 9974.836792 8792.111496 14199.73944 14775.90575 18147.03342 19134.58575 21243.77034 23090.76209 25381.98806 26070.94508 28846.52388 32127.29554 33374.64633 35799.31499 38291.28848 40500.75406 46927.38533 47410.17630 48639.65246 49257.92275 51678.00693 52616.70127 53623.11810 54184.44719 57385.08843 60076.51522 64214.40148 68811.23898 72783.25503 79019.82614 86834.28809 88374.11470 92305.48875 99238.20547 107435.1670 117347.0924 126198.5295 147515.2974 170900.2593 182575.3328 191037.6041 191119.5596 214402.3888 235774.2674 272503.9833 312858.1477 403579.7200 445260.2575 6.665708929e-06
      sorted:	 2.671521430e-07 3.662102173e-07 1.733767005e-06 6.581922527e-06 6.665708929e-06 0.1048674109 0.1050148610 6.762684224 7.510501473 9.623935407 15.15761352 16.98747531 23.70104796 31.41388139 39.14125020 58.14513485 64.09628742 68.79376705 81.61822343 107.9037252 117.9132814 141.8401967 175.8814667 186.5381567 198.8494797 241.9705885 272.5784151 281.9739503 298.7513870 313.6684251 359.4712599 393.4200638 436.1023343 511.6050476 520.5542828 626.8444616 661.4311439 702.0744717 761.4914530 806.1837977 818.0353012 849.5125919 943.4601604 945.7864212 1030.709161 1072.710580 1176.869088 1236.673293 1247.642780 1253.861790 1301.609989 1309.792127 1550.300759 1747.290021 1774.408618 1795.914019 1797.065709 1848.551704 1875.776776 1890.244594 1962.969393 2012.047702 2052.535289 2131.177987 2136.810071 2217.553921 2289.592037 2306.631996 2342.256320 2369.043805 2387.890629 2399.046821 2452.579549 2642.299012 2765.396993 3245.656316 3515.141247 3820.433061 4210.921035 5226.647045 5654.754385 6065.404659 6899.590792 7428.283215 8222.103230 8792.111496 9974.836792 10453.93565 11115.39838 11143.18551 11343.85185 11865.59113 12176.83490 12247.41524 12380.91295 12463.14865 12516.10957 12666.73270 12732.85123 12862.08217 12875.49778 12982.49751 12988.85744 12997.83771 13073.24136 13142.31305 13206.93216 13216.19588 13246.55865 13280.81933 13364.41969 13480.95296 13520.49708 13636.99571 13855.50230 13924.86755 14199.73944 14775.90575 18147.03342 19134.58575 21243.77034 23090.76209 25381.98806 26070.94508 28846.52388 32127.29554 33374.64633 35799.31499 38291.28848 40500.75406 46927.38533 47410.17630 48639.65246 49257.92275 51678.00693 52616.70127 53623.11810 54184.44719 57385.08843 60076.51522 64214.40148 68811.23898 72783.25503 79019.82614 86834.28809 88374.11470 92305.48875 99238.20547 107435.1670 117347.0924 126198.5295 147515.2974 170900.2593 182575.3328 191037.6041 191119.5596 214402.3888 235774.2674 272503.9833 312858.1477 403579.7200 445260.2575
