    unsorted:	 2.675705064e-07 3.665148890e-07 1.730222374e-06 6.582683165e-06 0.1050184856 0.1048721752 17.53175364 18.04573997 9.579739799 7.239705970 12.03043654 30.60826026 32.74369060 50.00275888 59.10099862 63.90216939 80.19763079 88.90835302 107.4324806 177.6474889 141.3342128 137.6481922 175.6796930 218.3553941 241.7985025 295.9375527 304.4635780 314.8338902 327.2293528 353.7278324 385.3081614 453.9318507 463.4765037 511.4670544 606.4836361 583.6239637 809.4471496 704.8405216 709.5505212 760.9571975 823.3408186 908.2942334 859.2947434 1012.548943 1030.531459 1146.853124 1237.143849 1239.476170 1257.038310 1305.937043 1309.491078 1549.004257 1567.303113 1786.874143 1818.452142 1747.308791 1836.464110 1868.848663 1875.725525 1954.308685 1972.627494 2042.200829 2136.885008 2126.647207 2206.113836 2267.168071 2304.250170 2309.063289 2355.334086 2384.174865 2393.827533 2448.161869 2640.675661 2728.183813 3093.906441 3280.730456 3450.131140 4081.275802 5103.521247 5605.488384 5896.740983 6744.472010 7461.232888 12975.49329 12978.32274 12967.35901 12898.39236 12864.21477 13060.21819 13131.45727 13194.90308 13234.61697 13241.38221 13295.04863 12747.13280 12636.86849 12641.61892 13350.26407 12451.56012 12394.84351 13480.02111 13500.76312 12230.32030 12161.53694 13653.14637 11897.47280 13829.81327 11123.12295 11090.21701 11277.38313 13904.59657 10560.70617 9933.533586 8252.543021 8898.344014 14162.56277 14698.08476 16890.95422 18615.21660 20815.10296 22291.22086 24710.61547 25156.94243 27450.13988 31524.76921 33096.50221 36175.56973 37137.72913 39825.65266 45122.27601 46131.06799 46716.32086 48051.87246 49384.66690 51087.78191 52540.09816 55215.50111 55987.02313 58699.71359 62007.22588 67108.06237 71330.99600 77442.71372 85492.83962 87529.46468 90467.91361 96694.85538 106572.4462 114280.3290 122876.8199 144705.0105 166646.6929 177007.2958 186212.5605 191041.0258 207428.8027 231880.7420 266270.7173 310579.8193 402169.2304 449398.8774 6.628052332e-06
      sorted:	 2.675705064e-07 3.665148890e-07 1.730222374e-06 6.582683165e-06 6.628052332e-06 0.1048721752 0.1050184856 7.239705970 9.579739799 12.03043654 17.53175364 18.04573997 30.60826026 32.74369060 50.00275888 59.10099862 63.90216939 80.19763079 88.90835302 107.4324806 137.6481922 141.3342128 175.6796930 177.6474889 218.3553941 241.7985025 295.9375527 304.4635780 314.8338902 327.2293528 353.7278324 385.3081614 453.9318507 463.4765037 511.4670544 583.6239637 606.4836361 704.8405216 709.5505212 760.9571975 809.4471496 823.3408186 859.2947434 908.2942334 1012.548943 1030.531459 1146.853124 1237.143849 1239.476170 1257.038310 1305.937043 1309.491078 1549.004257 1567.303113 1747.308791 1786.874143 1818.452142 1836.464110 1868.848663 1875.725525 1954.308685 1972.627494 2042.200829 2126.647207 2136.885008 2206.113836 2267.168071 2304.250170 2309.063289 2355.334086 2384.174865 2393.827533 2448.161869 2640.675661 2728.183813 3093.906441 3280.730456 3450.131140 4081.275802 5103.521247 5605.488384 5896.740983 6744.472010 7461.232888 8252.543021 8898.344014 9933.533586 10560.70617 11090.21701 11123.12295 11277.38313 11897.47280 12161.53694 12230.32030 12394.84351 12451.56012 12636.86849 12641.61892 12747.13280 12864.21477 12898.39236 12967.35901 12975.49329 12978.32274 13060.21819 13131.45727 13194.90308 13234.61697 13241.38221 13295.04863 13350.26407 13480.02111 13500.76312 13653.14637 13829.81327 13904.59657 14162.56277 14698.08476 16890.95422 18615.21660 20815.10296 22291.22086 24710.61547 25156.94243 27450.13988 31524.76921 33096.50221 36175.56973 37137.72913 39825.65266 45122.27601 46131.06799 46716.32086 48051.87246 49384.66690 51087.78191 52540.09816 55215.50111 55987.02313 58699.71359 62007.22588 67108.06237 71330.99600 77442.71372 85492.83962 87529.46468 90467.91361 96694.85538 106572.4462 114280.3290 122876.8199 144705.0105 166646.6929 177007.2958 186212.5605 191041.0258 207428.8027 231880.7420 266270.7173 310579.8193 402169.2304 449398.8774
