    unsorted:	 3.662752064e-07 2.672661425e-07 1.737851388e-06 6.582372545e-06 0.1050148609 0.1048674107 17.22522117 7.510495880 6.762681388 9.623932151 15.15761388 23.70104831 31.41387650 39.14124989 58.14511989 64.09629459 68.79376736 81.61822165 107.9037238 117.9132815 141.8402054 198.4723884 186.5381581 175.8814714 241.9706001 272.5784428 281.9739759 298.7513884 313.6684280 359.4712134 393.4200586 436.1025180 511.6050555 520.5542832 627.7333124 849.8187244 661.4311435 702.0743605 761.4914523 818.0358736 806.1838383 944.9111374 945.7864257 1030.709181 1072.710580 1247.642786 1236.678546 1253.865583 1176.869097 1301.610012 1309.792426 1550.300773 1797.067641 1795.915170 1774.406038 1747.290030 1848.550590 1875.776764 1890.243021 1962.965913 2012.047511 2052.532996 2131.180647 2136.808106 2217.554121 2289.592271 2306.631827 2342.255965 2369.044259 2387.891672 2399.045603 2452.579723 2642.295637 2765.397603 3245.660428 3515.145105 3820.432823 4210.921944 5226.648896 5654.754702 6065.406087 6899.591789 7428.283169 8222.103364 12988.85738 12982.49742 12997.83747 13073.24141 12862.08207 12875.49779 13142.31323 13216.19595 13206.93211 13246.55858 13280.81931 12732.85122 12666.73256 13364.41945 12516.10953 12463.14883 12380.91289 13480.95298 13520.49679 12247.41541 12176.83481 13636.99550 11865.59101 11343.85296 11115.39851 11143.18579 13855.50234 13924.86732 10453.93889 9974.837136 8792.112672 14199.73922 14775.91470 18147.03901 19134.58554 21243.77288 23090.76405 25381.99323 26070.94551 28846.52683 32127.29440 33374.65226 35799.31265 38291.29024 40500.74784 46927.38364 47410.17670 48639.65324 49257.92072 51678.00629 52616.70239 53623.13162 54184.44611 57385.08354 60076.51493 64214.39762 68811.23588 72783.25936 79019.82796 86834.28656 88374.10741 92305.48701 99238.20547 107435.1652 117347.0934 126198.5303 147515.2874 170900.2403 182575.3107 191037.6041 191119.5565 214402.3604 235774.2494 272503.9647 312858.1138 403579.7009 445260.2871 6.703431184e-06
      sorted:	 2.672661425e-07 3.662752064e-07 1.737851388e-06 6.582372545e-06 6.703431184e-06 0.1048674107 0.1050148609 6.762681388 7.510495880 9.623932151 15.15761388 17.22522117 23.70104831 31.41387650 39.14124989 58.14511989 64.09629459 68.79376736 81.61822165 107.9037238 117.9132815 141.8402054 175.8814714 186.5381581 198.4723884 241.9706001 272.5784428 281.9739759 298.7513884 313.6684280 359.4712134 393.4200586 436.1025180 511.6050555 520.5542832 627.7333124 661.4311435 702.0743605 761.4914523 806.1838383 818.0358736 849.8187244 944.9111374 945.7864257 1030.709181 1072.710580 1176.869097 1236.678546 1247.642786 1253.865583 1301.610012 1309.792426 1550.300773 1747.290030 1774.406038 1795.915170 1797.067641 1848.550590 1875.776764 1890.243021 1962.965913 2012.047511 2052.532996 2131.180647 2136.808106 2217.554121 2289.592271 2306.631827 2342.255965 2369.044259 2387.891672 2399.045603 2452.579723 2642.295637 2765.397603 3245.660428 3515.145105 3820.432823 4210.921944 5226.648896 5654.754702 6065.406087 6899.591789 7428.283169 8222.103364 8792.112672 9974.837136 10453.93889 11115.39851 11143.18579 11343.85296 11865.59101 12176.83481 12247.41541 12380.91289 12463.14883 12516.10953 12666.73256 12732.85122 12862.08207 12875.49779 12982.49742 12988.85738 12997.83747 13073.24141 13142.31323 13206.93211 13216.19595 13246.55858 13280.81931 13364.41945 13480.95298 13520.49679 13636.99550 13855.50234 13924.86732 14199.73922 14775.91470 18147.03901 19134.58554 21243.77288 23090.76405 25381.99323 26070.94551 28846.52683 32127.29440 33374.65226 35799.31265 38291.29024 40500.74784 46927.38364 47410.17670 48639.65324 49257.92072 51678.00629 52616.70239 53623.13162 54184.44611 57385.08354 60076.51493 64214.39762 68811.23588 72783.25936 79019.82796 86834.28656 88374.10741 92305.48701 99238.20547 107435.1652 117347.0934 126198.5303 147515.2874 170900.2403 182575.3107 191037.6041 191119.5565 214402.3604 235774.2494 272503.9647 312858.1138 403579.7009 445260.2871
