    unsorted:	 12968.02737 12957.03158 12939.40722 12996.80938 12930.87368 13007.99266 12909.23550 13059.39140 13081.57494 13100.83260 13139.68613 13155.34287 13187.95092 13191.36008 13216.59932 13228.54215 13245.50033 13251.96693 13257.34508 12832.28222 12802.24298 12812.90250 13293.61229 12757.07372 13342.61027 12626.98392 12549.94185 13515.92466 12379.09421 12360.07155 12039.50196 11939.93955 11570.14286 11148.86178 11054.67691 10535.99499 1938.702847 1979.179714 2011.321078 2063.698180 1895.631749 2143.366245 2236.999918 2214.368472 2270.491090 2296.339045 2335.374363 2349.095869 2400.807127 1809.849248 1733.638258 2524.335950 1661.587381 2814.159782 1408.643030 1303.198084 2972.015209 911.3741113 757.1054402 753.4563528 824.4233967 971.4522469 533.5621772 590.6056799 479.6476848 249.1290020 384.8651599 340.5000869 81.54766838 52.57183038 3711.754777 3868.590822 4327.133510 4496.362766 5888.855706 8992.875193 7995.476588 6953.520699 15394.17637 15994.01191 17408.84648 19942.40586 21978.96306 23661.95711 24747.26036 26821.18805 31180.37696 32940.75959 36433.48351 40188.09440 40819.17179 46424.85202 45368.87200 47020.37539 48697.84786 51539.85286 51596.12705 52321.89022 56612.83958 59018.11846 61217.54141 67210.47298 71208.86180 74186.60432 77667.38175 80207.46607 85015.65270 86817.71206 93817.36379 97806.76972 107679.2991 118566.7851 130969.9003 141930.6079 151466.1808 157312.9937 161082.3366 191056.7247 197477.0495 205942.5654 250072.2836 349333.8957 369635.8388 1.636895987e-05
      sorted:	 1.636895987e-05 52.57183038 81.54766838 249.1290020 340.5000869 384.8651599 479.6476848 533.5621772 590.6056799 753.4563528 757.1054402 824.4233967 911.3741113 971.4522469 1303.198084 1408.643030 1661.587381 1733.638258 1809.849248 1895.631749 1938.702847 1979.179714 2011.321078 2063.698180 2143.366245 2214.368472 2236.999918 2270.491090 2296.339045 2335.374363 2349.095869 2400.807127 2524.335950 2814.159782 2972.015209 3711.754777 3868.590822 4327.133510 4496.362766 5888.855706 6953.520699 7995.476588 8992.875193 10535.99499 11054.67691 11148.86178 11570.14286 11939.93955 12039.50196 12360.07155 12379.09421 12549.94185 12626.98392 12757.07372 12802.24298 12812.90250 12832.28222 12909.23550 12930.87368 12939.40722 12957.03158 12968.02737 12996.80938 13007.99266 13059.39140 13081.57494 13100.83260 13139.68613 13155.34287 13187.95092 13191.36008 13216.59932 13228.54215 13245.50033 13251.96693 13257.34508 13293.61229 13342.61027 13515.92466 15394.17637 15994.01191 17408.84648 19942.40586 21978.96306 23661.95711 24747.26036 26821.18805 31180.37696 32940.75959 36433.48351 40188.09440 40819.17179 45368.87200 46424.85202 47020.37539 48697.84786 51539.85286 51596.12705 52321.89022 56612.83958 59018.11846 61217.54141 67210.47298 71208.86180 74186.60432 77667.38175 80207.46607 85015.65270 86817.71206 93817.36379 97806.76972 107679.2991 118566.7851 130969.9003 141930.6079 151466.1808 157312.9937 161082.3366 191056.7247 197477.0495 205942.5654 250072.2836 349333.8957 369635.8388
